0 6268.08 3 3114.58 6 2400.64 9 2068.16 12 1931.8 15 1261.33 18 0 
0 9662.41 3 6626.88 6 4164.55 9 3667.97 12 3496.82 15 3309.24 18 2991.39 21 2045.14 24 0 
0 14738 3 14738 6 13244.2 9 8156.07 12 6575.86 15 5266.05 18 4172.81 21 4036.41 24 1894.55 27 1698.86 30 0 
0 15131.7 3 15131.7 6 11885.3 9 8358.67 12 7787.87 15 6533.13 18 6448.93 21 6373.07 24 6230.33 27 5882.91 30 5450.76 33 4296.73 36 0 
0 8171.07 3 5203.68 6 2939.6 9 1529.43 12 1222.23 15 1520.1 18 1200.58 21 0 
0 13258.6 3 8916.12 6 3020.25 9 2037.91 12 1823.83 15 1528.75 18 0 
0 9175.45 3 5285.63 6 3719.96 9 3297.28 12 2970.69 15 2820.68 18 2209.41 21 1928.04 24 0 
0 12482.7 3 10716.6 6 5053.42 9 1608.57 12 942.076 15 904.007 18 955.623 21 0 
0 8783.81 3 8718.36 6 6380.13 9 3078.33 12 711.014 15 0 
0 14152.6 3 12650.7 6 6199.22 9 3154.47 12 2378.27 15 1942.64 18 1822.52 21 1974.19 24 0 
0 8135.41 3 4093.54 6 1588.19 9 561.656 12 0 
0 6762.71 3 1990.05 6 825.241 9 626.331 12 0 
0 9123.82 3 9058.37 6 7570.1 9 3562.16 12 0 
0 8576.56 3 7958.03 6 3601.46 9 2396.58 12 1528.78 15 1015.29 18 0 
0 11961.2 3 11141 6 6833.74 9 3660.92 12 3528.22 15 2795.68 18 2234.87 21 1833.82 24 0 
0 9922.49 3 8098.67 6 4421.47 9 3886.47 12 3817.32 15 3677.44 18 3515.89 21 2976.99 24 2636.35 27 0 
0 6558.38 3 5501.36 6 3115.7 9 2006.52 12 1039.59 15 712.449 18 0 
0 9925.35 3 9216.54 6 4111.93 9 1934.4 12 1531.11 15 952.41 18 0 
0 6153.83 3 1650.35 6 751.77 9 0 
0 9207.51 3 8696.32 6 4157.54 9 3070.18 12 1812.36 15 1213.88 18 0 
0 9078.31 3 7598.75 6 3303.35 9 1391.01 12 468.525 15 0 
0 11296.4 3 11248.8 6 2866.07 9 2588.47 12 1450.92 15 686.673 18 675.475 21 667.598 24 960.919 27 0 
0 14588.8 3 12937.1 6 6567.08 9 1995.68 12 1472.32 15 1460.78 18 0 
0 9774.38 3 9655.82 6 8334.29 9 6551.68 12 2794.26 15 0 
0 21495.6 3 21495.6 6 20374.3 9 12455.4 12 10283.4 15 9001.98 18 7184.87 21 5056.73 24 4573.61 27 4383.97 30 4298.81 33 4143.41 36 0 
0 12275 3 10602.8 6 4583.3 9 1716.46 12 618.623 15 607.476 18 969.957 21 0 
0 9587.51 3 9515.39 6 8008.27 9 4764.98 12 909.325 15 0 
0 12080 3 12080 6 10303.6 9 6687.29 12 5770.28 15 5040.26 18 5016.02 21 4739.39 24 4477.49 27 4469.84 30 4706.11 33 4447.95 36 4435.16 39 0 
